
# model = load_model()
# model.skeletons = [
#     [
#         [0.5398229956626892, 0.203125, 0.7046666741371155],
#         [0.5280236005783081, 0.265625, 0.7873334288597107],
#         [0.49262535572052, 0.2760416567325592, 0.7983334064483643],
#         [0.474926233291626, 0.390625, 0.8243333697319031],
#         [0.474926233291626, 0.4635416567325592, 0.8213334083557129],
#         [0.5575221180915833, 0.265625, 0.7820000648498535],
#         [0.6165191531181335, 0.2552083432674408, 0.7113333344459534],
#         [0.5575221180915833, 0.234375, 0.7203333377838135],
#         [0.5044247508049011, 0.4739583432674408, 0.7793333530426025],
#         [0.5044247508049011, 0.6302083134651184, 0.7956666946411133],
#         [0.49852505326271057, 0.765625, 0.8520000576972961],
#         [0.5457227230072021, 0.4739583432674408, 0.7713333964347839],
#         [0.5575221180915833, 0.640625, 0.7983334064483643],
#         [0.5752212405204773, 0.7864583134651184, 0.7930000424385071],
#         [0.5339232683181763, 0.1822916716337204, 0.7390000224113464],
#         [0.5457227230072021, 0.1927083283662796, 0.7070000171661377],
#         [0.5221238732337952, 0.1927083283662796, 0.7560000419616699],
#         [0.5221238732337952, 0.1927083283662796, 0.7560000419616699]
#     ],
#     [
#         [0.5339232683181763, 0.2135416716337204, 0.7586666941642761],
#         [0.5280236005783081, 0.265625, 0.7930000424385071],
#         [0.49262535572052, 0.2760416567325592, 0.8069999814033508],
#         [0.474926233291626, 0.3802083432674408, 0.8243333697319031],
#         [0.4690265357494354, 0.453125, 0.9026667475700378],
#         [0.5575221180915833, 0.2760416567325592, 0.7766667008399963],
#         [0.6165191531181335, 0.265625, 0.7320000529289246],
#         [0.5575221180915833, 0.2239583283662796, 0.7003333568572998],
#         [0.5044247508049011, 0.4739583432674408, 0.7793333530426025],
#         [0.5044247508049011, 0.6302083134651184, 0.7846667170524597],
#         [0.5044247508049011, 0.765625, 0.8490000367164612],
#         [0.5516223907470703, 0.4739583432674408, 0.7690000534057617],
#         [0.5575221180915833, 0.6302083134651184, 0.7793333530426025],
#         [0.5752212405204773, 0.7864583134651184, 0.8040000796318054],
#         [0.5221238732337952, 0.203125, 0.7766667008399963],
#         [0.5398229956626892, 0.203125, 0.7320000529289246],
#         [0.5162241458892822, 0.203125, 0.7900000214576721],
#         [0.5280236005783081, 0.1927083283662796, 0.7536666989326477]
#     ],
#     [
#         [0.5339232683181763, 0.203125, 0.7793333530426025],
#         [0.5280236005783081, 0.265625, 0.7739999890327454],
#         [0.48672565817832947, 0.2760416567325592, 0.8040000796318054],
#         [0.474926233291626, 0.3802083432674408, 0.8426666855812073],
#         [0.4690265357494354, 0.4635416567325592, 0.8816667199134827],
#         [0.5634218454360962, 0.265625, 0.7739999890327454],
#         [0.6106194257736206, 0.265625, 0.7203333377838135],
#         [0.5811209678649902, 0.1822916716337204, 0.6776666641235352],
#         [0.5044247508049011, 0.4739583432674408, 0.7820000648498535],
#         [0.5044247508049011, 0.6302083134651184, 0.8126667141914368],
#         [0.49852505326271057, 0.765625, 0.8363333344459534],
#         [0.5516223907470703, 0.4739583432674408, 0.7690000534057617],
#         [0.5575221180915833, 0.6302083134651184, 0.7930000424385071],
#         [0.5752212405204773, 0.7864583134651184, 0.7900000214576721],
#         [0.5280236005783081, 0.1822916716337204, 0.7713333964347839],
#         [0.5398229956626892, 0.1822916716337204, 0.7820000648498535],
#         [0.5103244781494141, 0.1927083283662796, 0.7873334288597107],
#         [0.5339232683181763, 0.1927083283662796, 0.7766667008399963]
#     ],
#     [
#         [0.5221238732337952, 0.1927083283662796, 0.7739999890327454],
#         [0.5280236005783081, 0.2760416567325592, 0.7663333415985107],
#         [0.48672565817832947, 0.2760416567325592, 0.8126667141914368],
#         [0.474926233291626, 0.390625, 0.8333333134651184],
#         [0.4690265357494354, 0.4635416567325592, 0.8816667199134827],
#         [0.5634218454360962, 0.265625, 0.7766667008399963],
#         [0.6106194257736206, 0.2760416567325592, 0.7296667098999023],
#         [0.6047197580337524, 0.171875, 0.6776666641235352],
#         [0.5044247508049011, 0.4739583432674408, 0.7820000648498535],
#         [0.5044247508049011, 0.6302083134651184, 0.7930000424385071],
#         [0.5044247508049011, 0.7760416865348816, 0.8363333344459534],
#         [0.5516223907470703, 0.4739583432674408, 0.7739999890327454],
#         [0.5575221180915833, 0.6302083134651184, 0.7900000214576721],
#         [0.5693215131759644, 0.7864583134651184, 0.8069999814033508],
#         [0.5162241458892822, 0.1822916716337204, 0.7766667008399963],
#         [0.5280236005783081, 0.1822916716337204, 0.7739999890327454],
#         [0.5044247508049011, 0.1927083283662796, 0.8069999814033508],
#         [0.5457227230072021, 0.1927083283662796, 1.7040001153945923]
#     ],
#     [
#         [0.5221238732337952, 0.203125, 0.7793333530426025],
#         [0.5280236005783081, 0.2760416567325592, 0.7900000214576721],
#         [0.48672565817832947, 0.2760416567325592, 0.8126667141914368],
#         [0.474926233291626, 0.3802083432674408, 0.8426666855812073],
#         [0.474926233291626, 0.4635416567325592, 0.8333333134651184],
#         [0.5634218454360962, 0.265625, 0.7793333530426025],
#         [0.6106194257736206, 0.2864583432674408, 0.6940000057220459],
#         [0.6283185482025146, 0.203125, 0.6963333487510681],
#         [0.5044247508049011, 0.4739583432674408, 0.7846667170524597],
#         [0.5044247508049011, 0.6302083134651184, 0.8126667141914368],
#         [0.5044247508049011, 0.765625, 0.8396666646003723],
#         [0.5516223907470703, 0.4739583432674408, 0.7636666893959045],
#         [0.5575221180915833, 0.6302083134651184, 0.7900000214576721],
#         [0.5693215131759644, 0.7864583134651184, 0.8069999814033508],
#         [0.5162241458892822, 0.1927083283662796, 0.7739999890327454],
#         [0.5280236005783081, 0.1822916716337204, 0.7739999890327454],
#         [0.5044247508049011, 0.203125, 0.8069999814033508],
#         [0.5398229956626892, 0.1927083283662796, 0.7900000214576721]
#     ],
#     [
#         [0.5162241458892822, 0.203125, 0.7846667170524597],
#         [0.5221238732337952, 0.265625, 0.7900000214576721],
#         [0.48672565817832947, 0.2760416567325592, 0.8183333873748779],
#         [0.474926233291626, 0.390625, 0.8363333344459534],
#         [0.4690265357494354, 0.4635416567325592, 0.8886666893959045],
#         [0.5575221180915833, 0.265625, 0.7846667170524597],
#         [0.6106194257736206, 0.2864583432674408, 0.6920000910758972],
#         [0.6224188804626465, 0.203125, 0.7136666774749756],
#         [0.5044247508049011, 0.4739583432674408, 0.7766667008399963],
#         [0.5044247508049011, 0.6302083134651184, 0.7846667170524597],
#         [0.49852505326271057, 0.765625, 0.8520000576972961],
#         [0.5516223907470703, 0.4739583432674408, 0.7609999775886536],
#         [0.5575221180915833, 0.6302083134651184, 0.7820000648498535],
#         [0.5693215131759644, 0.7760416865348816, 0.8013333678245544],
#         [0.5103244781494141, 0.1927083283662796, 0.7793333530426025],
#         [0.5221238732337952, 0.1822916716337204, 0.7690000534057617],
#         [0.49852505326271057, 0.203125, 0.0],
#         [0.5398229956626892, 0.1927083283662796, 0.7930000424385071]
#     ],
#     [
#         [0.5221238732337952, 0.203125, 0.7820000648498535],
#         [0.5221238732337952, 0.2760416567325592, 0.8183333873748779],
#         [0.48672565817832947, 0.2760416567325592, 0.815666675567627],
#         [0.474926233291626, 0.390625, 0.8490000367164612],
#         [0.4690265357494354, 0.4635416567325592, 0.8886666893959045],
#         [0.5575221180915833, 0.265625, 0.7793333530426025],
#         [0.6047197580337524, 0.296875, 0.7296667098999023],
#         [0.6224188804626465, 0.2239583283662796, 0.6920000910758972],
#         [0.5044247508049011, 0.4739583432674408, 0.7793333530426025],
#         [0.5044247508049011, 0.6302083134651184, 0.8013333678245544],
#         [0.49852505326271057, 0.765625, 0.8520000576972961],
#         [0.5516223907470703, 0.4739583432674408, 0.7690000534057617],
#         [0.5575221180915833, 0.6302083134651184, 0.7846667170524597],
#         [0.5752212405204773, 0.7864583134651184, 0.8096666932106018],
#         [0.5103244781494141, 0.1927083283662796, 0.7820000648498535],
#         [0.5280236005783081, 0.1927083283662796, 0.7713333964347839],
#         [0.5044247508049011, 0.203125, 0.8040000796318054],
#         [0.5398229956626892, 0.1927083283662796, 0.7900000214576721]
#     ],
#     [
#         [0.5221238732337952, 0.1927083283662796, 0.7766667008399963],
#         [0.5280236005783081, 0.265625, 0.7793333530426025],
#         [0.48672565817832947, 0.2760416567325592, 0.8069999814033508],
#         [0.474926233291626, 0.3802083432674408, 0.8396666646003723],
#         [0.474926233291626, 0.4635416567325592, 0.8243333697319031],
#         [0.5634218454360962, 0.265625, 0.7793333530426025],
#         [0.6106194257736206, 0.2864583432674408, 0.6963333487510681],
#         [0.6047197580337524, 0.2135416716337204, 0.7046666741371155],
#         [0.5044247508049011, 0.4739583432674408, 0.7846667170524597],
#         [0.5044247508049011, 0.6302083134651184, 0.7956666946411133],
#         [0.5044247508049011, 0.765625, 0.8456667065620422],
#         [0.5516223907470703, 0.4739583432674408, 0.7713333964347839],
#         [0.5575221180915833, 0.6302083134651184, 0.7900000214576721],
#         [0.5752212405204773, 0.7864583134651184, 0.7930000424385071],
#         [0.5162241458892822, 0.1822916716337204, 0.7739999890327454],
#         [0.5280236005783081, 0.1822916716337204, 0.7690000534057617],
#         [0.5044247508049011, 0.1927083283662796, 0.827333390712738],
#         [0.5398229956626892, 0.1927083283662796, 0.7846667170524597]
#     ],
#     [
#         [0.5280236005783081, 0.1927083283662796, 0.7713333964347839],
#         [0.5280236005783081, 0.265625, 0.7820000648498535],
#         [0.49262535572052, 0.2760416567325592, 0.7983334064483643],
#         [0.474926233291626, 0.3802083432674408, 0.8333333134651184],
#         [0.474926233291626, 0.4635416567325592, 0.830333411693573],
#         [0.5634218454360962, 0.265625, 0.7820000648498535],
#         [0.6106194257736206, 0.2760416567325592, 0.7320000529289246],
#         [0.5752212405204773, 0.1927083283662796, 0.7090000510215759],
#         [0.5044247508049011, 0.4739583432674408, 0.7766667008399963],
#         [0.5044247508049011, 0.6302083134651184, 0.7846667170524597],
#         [0.5044247508049011, 0.765625, 0.8426666855812073],
#         [0.5516223907470703, 0.4739583432674408, 0.7663333415985107],
#         [0.5575221180915833, 0.6302083134651184, 0.7846667170524597],
#         [0.5693215131759644, 0.7864583134651184, 0.8013333678245544],
#         [0.5221238732337952, 0.1822916716337204, 0.7713333964347839],
#         [0.5339232683181763, 0.1822916716337204, 0.7690000534057617],
#         [0.5044247508049011, 0.1927083283662796, 0.830333411693573],
#         [0.5398229956626892, 0.1927083283662796, 0.7820000648498535]
#     ],
#     [
#         [0.5280236005783081, 0.2135416716337204, 0.7793333530426025],
#         [0.5280236005783081, 0.265625, 0.7873334288597107],
#         [0.49262535572052, 0.2760416567325592, 0.7930000424385071],
#         [0.474926233291626, 0.3802083432674408, 0.8426666855812073],
#         [0.4690265357494354, 0.4635416567325592, 0.8783333897590637],
#         [0.5575221180915833, 0.2760416567325592, 0.7766667008399963],
#         [0.6106194257736206, 0.265625, 0.6983333230018616],
#         [0.5634218454360962, 0.203125, 0.6963333487510681],
#         [0.5044247508049011, 0.4739583432674408, 0.7690000534057617],
#         [0.5044247508049011, 0.6302083134651184, 0.7900000214576721],
#         [0.5044247508049011, 0.765625, 0.8520000576972961],
#         [0.5516223907470703, 0.4739583432674408, 0.7636666893959045],
#         [0.5575221180915833, 0.6302083134651184, 0.7900000214576721],
#         [0.5752212405204773, 0.7864583134651184, 0.8040000796318054],
#         [0.5162241458892822, 0.203125, 0.7900000214576721],
#         [0.5398229956626892, 0.2135416716337204, 0.7560000419616699],
#         [0.5221238732337952, 0.203125, 0.7793333530426025],
#         [0.5162241458892822, 0.1927083283662796, 0.7793333530426025]
#     ],
#     [
#         [0.5280236005783081, 0.1927083283662796, 0.7766667008399963],
#         [0.5280236005783081, 0.265625, 0.7846667170524597],
#         [0.49262535572052, 0.2760416567325592, 0.8040000796318054],
#         [0.474926233291626, 0.3802083432674408, 0.8396666646003723],
#         [0.474926233291626, 0.4635416567325592, 0.8213334083557129],
#         [0.5634218454360962, 0.2760416567325592, 0.7739999890327454],
#         [0.6106194257736206, 0.2552083432674408, 0.7090000510215759],
#         [0.5752212405204773, 0.1927083283662796, 0.6963333487510681],
#         [0.5044247508049011, 0.4739583432674408, 0.7739999890327454],
#         [0.5044247508049011, 0.6302083134651184, 0.7956666946411133],
#         [0.5044247508049011, 0.765625, 0.8243333697319031],
#         [0.5516223907470703, 0.4739583432674408, 0.7690000534057617],
#         [0.5575221180915833, 0.6302083134651184, 0.7739999890327454],
#         [0.5693215131759644, 0.7864583134651184, 0.8013333678245544],
#         [0.5221238732337952, 0.1822916716337204, 0.7766667008399963],
#         [0.5398229956626892, 0.1822916716337204, 0.7739999890327454],
#         [0.5103244781494141, 0.1927083283662796, 0.7983334064483643],
#         [0.5457227230072021, 0.203125, 0.7930000424385071]
#     ],
#     [
#         [0.5280236005783081, 0.1927083283662796, 0.7713333964347839],
#         [0.5280236005783081, 0.265625, 0.7930000424385071],
#         [0.48672565817832947, 0.2760416567325592, 0.8126667141914368],
#         [0.474926233291626, 0.3802083432674408, 0.8363333344459534],
#         [0.474926233291626, 0.4739583432674408, 0.8243333697319031],
#         [0.5634218454360962, 0.265625, 0.7820000648498535],
#         [0.6106194257736206, 0.2760416567325592, 0.7003333568572998],
#         [0.5929203629493713, 0.171875, 0.6836667060852051],
#         [0.5044247508049011, 0.4739583432674408, 0.7793333530426025],
#         [0.5044247508049011, 0.6302083134651184, 0.7820000648498535],
#         [0.5044247508049011, 0.765625, 0.8553333878517151],
#         [0.5516223907470703, 0.4739583432674408, 0.7713333964347839],
#         [0.5575221180915833, 0.6302083134651184, 0.7766667008399963],
#         [0.5752212405204773, 0.7864583134651184, 0.8040000796318054],
#         [0.5221238732337952, 0.1822916716337204, 0.7636666893959045],
#         [0.5339232683181763, 0.1822916716337204, 0.7739999890327454],
#         [0.5044247508049011, 0.1927083283662796, 0.8013333678245544],
#         [0.5457227230072021, 0.1822916716337204, 1.6193333864212036]
#     ],
#     [
#         [0.5221238732337952, 0.1927083283662796, 0.7690000534057617],
#         [0.5221238732337952, 0.265625, 0.7873334288597107],
#         [0.48672565817832947, 0.2760416567325592, 0.7930000424385071],
#         [0.474926233291626, 0.3802083432674408, 0.8520000576972961],
#         [0.474926233291626, 0.4635416567325592, 0.8396666646003723],
#         [0.5575221180915833, 0.265625, 0.7739999890327454],
#         [0.6047197580337524, 0.2864583432674408, 0.702666699886322],
#         [0.6165191531181335, 0.1822916716337204, 0.7070000171661377],
#         [0.5044247508049011, 0.4739583432674408, 0.7793333530426025],
#         [0.5044247508049011, 0.6302083134651184, 0.8013333678245544],
#         [0.49852505326271057, 0.765625, 0.8456667065620422],
#         [0.5516223907470703, 0.4739583432674408, 0.7636666893959045],
#         [0.5575221180915833, 0.6302083134651184, 0.7739999890327454],
#         [0.5752212405204773, 0.7864583134651184, 0.8096666932106018],
#         [0.5103244781494141, 0.1822916716337204, 0.7663333415985107],
#         [0.5280236005783081, 0.1822916716337204, 0.7663333415985107],
#         [0.49852505326271057, 0.1927083283662796, 0.8520000576972961],
#         [0.5398229956626892, 0.1927083283662796, 0.0]
#     ],
#     [
#         [0.5221238732337952, 0.1927083283662796, 0.7690000534057617],
#         [0.5221238732337952, 0.265625, 0.7873334288597107],
#         [0.48672565817832947, 0.2760416567325592, 0.7983334064483643],
#         [0.474926233291626, 0.3802083432674408, 0.8553333878517151],
#         [0.474926233291626, 0.4635416567325592, 0.830333411693573],
#         [0.5575221180915833, 0.265625, 0.7766667008399963],
#         [0.6047197580337524, 0.296875, 0.7366666793823242],
#         [0.6106194257736206, 0.2135416716337204, 0.7136666774749756],
#         [0.5044247508049011, 0.4739583432674408, 0.7739999890327454],
#         [0.5044247508049011, 0.6302083134651184, 0.8040000796318054],
#         [0.49852505326271057, 0.765625, 0.8520000576972961],
#         [0.5516223907470703, 0.4739583432674408, 0.7609999775886536],
#         [0.5575221180915833, 0.6302083134651184, 0.7663333415985107],
#         [0.5752212405204773, 0.7864583134651184, 0.815666675567627],
#         [0.5162241458892822, 0.1822916716337204, 0.7663333415985107],
#         [0.5280236005783081, 0.1822916716337204, 0.7609999775886536],
#         [0.5044247508049011, 0.1927083283662796, 0.7900000214576721],
#         [0.5398229956626892, 0.1927083283662796, 0.7873334288597107]
#     ],
#     [
#         [0.5280236005783081, 0.1927083283662796, 0.7663333415985107],
#         [0.5221238732337952, 0.265625, 0.7846667170524597],
#         [0.48672565817832947, 0.2760416567325592, 0.7956666946411133],
#         [0.474926233291626, 0.3802083432674408, 0.8520000576972961],
#         [0.4690265357494354, 0.4635416567325592, 0.8683333396911621],
#         [0.5575221180915833, 0.265625, 0.7766667008399963],
#         [0.6047197580337524, 0.2864583432674408, 0.7046666741371155],
#         [0.5929203629493713, 0.1822916716337204, 0.7046666741371155],
#         [0.5044247508049011, 0.4739583432674408, 0.7739999890327454],
#         [0.5044247508049011, 0.6302083134651184, 0.8069999814033508],
#         [0.5044247508049011, 0.765625, 0.8520000576972961],
#         [0.5516223907470703, 0.4739583432674408, 0.7636666893959045],
#         [0.5575221180915833, 0.6302083134651184, 0.7739999890327454],
#         [0.5752212405204773, 0.7864583134651184, 0.7930000424385071],
#         [0.5162241458892822, 0.1822916716337204, 0.7663333415985107],
#         [0.5280236005783081, 0.1822916716337204, 0.7636666893959045],
#         [0.5044247508049011, 0.1927083283662796, 0.7983334064483643],
#         [0.5398229956626892, 0.1822916716337204, 0.7793333530426025]
#     ],
#     [
#         [0.5221238732337952, 0.1927083283662796, 0.7690000534057617],
#         [0.5280236005783081, 0.265625, 0.7846667170524597],
#         [0.49262535572052, 0.2760416567325592, 0.8013333678245544],
#         [0.474926233291626, 0.3802083432674408, 0.8396666646003723],
#         [0.4690265357494354, 0.4635416567325592, 0.8783333897590637],
#         [0.5634218454360962, 0.265625, 0.7766667008399963],
#         [0.6047197580337524, 0.2760416567325592, 0.7296667098999023],
#         [0.5693215131759644, 0.1927083283662796, 0.6963333487510681],
#         [0.5044247508049011, 0.4739583432674408, 0.7766667008399963],
#         [0.5044247508049011, 0.6302083134651184, 0.7900000214576721],
#         [0.5044247508049011, 0.765625, 0.8683333396911621],
#         [0.5516223907470703, 0.4739583432674408, 0.7609999775886536],
#         [0.5575221180915833, 0.6302083134651184, 0.7793333530426025],
#         [0.5693215131759644, 0.7864583134651184, 0.8069999814033508],
#         [0.5162241458892822, 0.1822916716337204, 0.7739999890327454],
#         [0.5280236005783081, 0.1822916716337204, 0.7609999775886536],
#         [0.5044247508049011, 0.1927083283662796, 0.8520000576972961],
#         [0.5398229956626892, 0.1927083283662796, 0.7436667084693909]
#     ],
#     [
#         [0.5398229956626892, 0.1927083283662796, 0.7090000510215759],
#         [0.5280236005783081, 0.265625, 0.7873334288597107],
#         [0.48672565817832947, 0.2760416567325592, 0.8069999814033508],
#         [0.474926233291626, 0.3802083432674408, 0.827333390712738],
#         [0.4690265357494354, 0.4635416567325592, 0.8886666893959045],
#         [0.5575221180915833, 0.265625, 0.7766667008399963],
#         [0.6106194257736206, 0.265625, 0.7003333568572998],
#         [0.5693215131759644, 0.2135416716337204, 0.7070000171661377],
#         [0.5044247508049011, 0.4739583432674408, 0.7739999890327454],
#         [0.5044247508049011, 0.6302083134651184, 0.7873334288597107],
#         [0.5044247508049011, 0.765625, 0.8426666855812073],
#         [0.5516223907470703, 0.4739583432674408, 0.7663333415985107],
#         [0.5575221180915833, 0.6302083134651184, 0.7793333530426025],
#         [0.5752212405204773, 0.7864583134651184, 0.8069999814033508],
#         [0.5280236005783081, 0.1822916716337204, 0.734333336353302],
#         [0.5457227230072021, 0.1822916716337204, 0.7090000510215759],
#         [0.5162241458892822, 0.1927083283662796, 0.7636666893959045],
#         [0.5339232683181763, 0.1927083283662796, 0.7179999947547913]
#     ],
#     [
#         [0.5280236005783081, 0.1927083283662796, 0.7586666941642761],
#         [0.5280236005783081, 0.265625, 0.7739999890327454],
#         [0.49262535572052, 0.2760416567325592, 0.7930000424385071],
#         [0.474926233291626, 0.3802083432674408, 0.8213334083557129],
#         [0.474926233291626, 0.4635416567325592, 0.8213334083557129],
#         [0.5634218454360962, 0.265625, 0.7846667170524597],
#         [0.6106194257736206, 0.2760416567325592, 0.7156667113304138],
#         [0.5693215131759644, 0.203125, 0.6920000910758972],
#         [0.5044247508049011, 0.4635416567325592, 0.7766667008399963],
#         [0.5044247508049011, 0.6302083134651184, 0.7930000424385071],
#         [0.49852505326271057, 0.765625, 0.8583333492279053],
#         [0.5516223907470703, 0.4739583432674408, 0.7690000534057617],
#         [0.5575221180915833, 0.6302083134651184, 0.7820000648498535],
#         [0.5693215131759644, 0.7864583134651184, 0.815666675567627],
#         [0.5221238732337952, 0.1822916716337204, 0.7609999775886536],
#         [0.5339232683181763, 0.1822916716337204, 0.7536666989326477],
#         [0.5103244781494141, 0.1927083283662796, 0.7930000424385071],
#         [0.5398229956626892, 0.203125, 0.7486667037010193]
#     ],
#     [
#         [0.5221238732337952, 0.1927083283662796, 0.7663333415985107],
#         [0.5280236005783081, 0.265625, 0.7766667008399963],
#         [0.48672565817832947, 0.2760416567325592, 0.7956666946411133],
#         [0.474926233291626, 0.3802083432674408, 0.830333411693573],
#         [0.474926233291626, 0.4635416567325592, 0.8243333697319031],
#         [0.5634218454360962, 0.265625, 0.7793333530426025],
#         [0.6106194257736206, 0.296875, 0.7136666774749756],
#         [0.5929203629493713, 0.1927083283662796, 0.6816666722297668],
#         [0.5044247508049011, 0.4739583432674408, 0.7739999890327454],
#         [0.5044247508049011, 0.6302083134651184, 0.7983334064483643],
#         [0.49852505326271057, 0.765625, 0.8583333492279053],
#         [0.5516223907470703, 0.4739583432674408, 0.7586666941642761],
#         [0.5575221180915833, 0.6302083134651184, 0.7930000424385071],
#         [0.5752212405204773, 0.7864583134651184, 0.8013333678245544],
#         [0.5162241458892822, 0.1822916716337204, 0.7690000534057617],
#         [0.5280236005783081, 0.1822916716337204, 0.7663333415985107],
#         [0.5044247508049011, 0.1927083283662796, 0.8126667141914368],
#         [0.5398229956626892, 0.1822916716337204, 0.7793333530426025]
#     ],
#     [
#         [0.5221238732337952, 0.1927083283662796, 0.7663333415985107],
#         [0.5221238732337952, 0.265625, 0.7846667170524597],
#         [0.48672565817832947, 0.2760416567325592, 0.8040000796318054],
#         [0.474926233291626, 0.3802083432674408, 0.8243333697319031],
#         [0.474926233291626, 0.453125, 0.8213334083557129],
#         [0.5575221180915833, 0.265625, 0.7739999890327454],
#         [0.6047197580337524, 0.296875, 0.702666699886322],
#         [0.6047197580337524, 0.203125, 0.6816666722297668],
#         [0.5044247508049011, 0.4739583432674408, 0.7713333964347839],
#         [0.5044247508049011, 0.6302083134651184, 0.8013333678245544],
#         [0.49852505326271057, 0.7760416865348816, 0.8456667065620422],
#         [0.5516223907470703, 0.4739583432674408, 0.7586666941642761],
#         [0.5575221180915833, 0.6302083134651184, 0.7739999890327454],
#         [0.5752212405204773, 0.7864583134651184, 0.8040000796318054],
#         [0.5162241458892822, 0.1822916716337204, 0.7663333415985107],
#         [0.5280236005783081, 0.1822916716337204, 0.7609999775886536],
#         [0.5044247508049011, 0.1927083283662796, 0.0],
#         [0.5398229956626892, 0.1822916716337204, 0.7766667008399963]
#     ]
# ]

# predict(model)
